# lambda [m], L_lambda [W/m]
1.010061066e-08,1.571236929e+41
1.037270426e-08,1.550896542e+41
1.068869105e-08,4.103544332e+41
1.096942123e-08,3.344640871e+41
1.131548256e-08,2.692388986e+41
1.155148328e-08,6.270675964e+41
1.199729021e-08,1.724367891e+42
1.234415753e-08,2.337630281e+42
1.260255967e-08,2.232874264e+42
1.282415968e-08,6.024512553e+41
1.326582949e-08,5.214737731e+41
1.373801827e-08,9.208696722e+41
1.411680656e-08,2.630697936e+42
1.460390077e-08,2.123562749e+42
1.511133111e-08,2.584318637e+42
1.57428207e-08,2.829804779e+42
1.616428261e-08,1.31080607e+42
1.654674222e-08,7.434035086e+41
1.694308278e-08,5.140189439e+41
1.726954855e-08,2.882701807e+42
1.762251352e-08,3.35027097e+42
1.80424373e-08,1.946045756e+42
1.831427071e-08,2.113142026e+42
1.878356953e-08,2.90697362e+42
1.941600492e-08,1.545858182e+42
2.005705858e-08,3.166260668e+42
2.077792559e-08,1.951037283e+42
2.156662755e-08,4.35880252e+42
2.235117334e-08,4.312205662e+42
2.269893846e-08,4.162164718e+42
2.307753604e-08,5.296200872e+42
2.391535881e-08,6.915435654e+42
2.447410289e-08,1.177995388e+43
2.515514175e-08,3.286825797e+43
2.58389859e-08,6.055911969e+43
2.625095247e-08,4.10286533e+43
2.709151203e-08,6.950354814e+43
2.771600027e-08,7.358784847e+43
2.848785433e-08,3.951673872e+43
2.955477397e-08,3.880279314e+43
3.019375877e-08,3.523274824e+43
3.083582474e-08,6.230336373e+43
3.177315447e-08,9.804843352e+43
3.283654347e-08,1.4843563e+44
3.396058091e-08,1.217371096e+44
3.506354419e-08,1.250371188e+44
3.577749436e-08,5.603903269e+43
3.683879137e-08,1.326176297e+44
3.770417438e-08,1.430085057e+44
3.886426184e-08,1.183199301e+44
4.013766651e-08,1.403887115e+44
4.092929773e-08,2.260305686e+44
4.209607533e-08,1.710982241e+44
4.349985047e-08,1.164743114e+44
4.473143872e-08,2.195768506e+44
4.612650119e-08,2.640024315e+44
4.77396786e-08,2.618223332e+44
4.963683694e-08,3.172871135e+44
5.079324652e-08,3.56944272e+44
5.185835253e-08,4.508723111e+44
5.302301487e-08,3.104770467e+44
5.445586839e-08,7.7434208e+43
5.601315064e-08,3.496283251e+44
5.754276676e-08,3.725318078e+44
5.870900144e-08,4.617711063e+44
6.067243024e-08,4.11651856e+44
6.283170855e-08,2.926924821e+44
6.50363799e-08,3.604654788e+44
6.67206955e-08,2.948204954e+44
6.815936764e-08,3.711087073e+44
6.982767653e-08,3.339964643e+44
7.224835104e-08,4.210109752e+44
7.43966923e-08,3.448732439e+44
7.597934541e-08,2.764884878e+44
7.741402654e-08,2.609524025e+44
7.99170111e-08,3.226354811e+44
8.278178151e-08,3.317375085e+44
8.48140194e-08,3.071795618e+44
8.684933729e-08,3.46733921e+44
8.949849666e-08,3.687073442e+44
9.109329516e-08,4.849094675e+44
9.266938721e-08,8.318100876e+44
9.469377608e-08,1.175350088e+45
9.619938574e-08,1.07159775e+45
9.874670898e-08,7.99095322e+44
1.004980519e-07,1.146011319e+45
1.028531909e-07,1.018889918e+45
1.048000441e-07,1.324876561e+45
1.073428542e-07,1.163704602e+45
1.107560617e-07,1.131537238e+45
1.138863735e-07,1.094734469e+45
1.1799555e-07,9.49766567e+44
1.203897859e-07,7.846129925e+44
1.23204193e-07,9.10172226e+44
1.25952281e-07,1.002598511e+45
1.289732937e-07,9.865363123e+44
1.324404416e-07,9.639840542e+44
1.353670405e-07,9.46709881e+44
1.382209095e-07,8.438389271e+44
1.412314372e-07,7.940770256e+44
1.450592709e-07,7.968032152e+44
1.487692333e-07,7.477311017e+44
1.527062191e-07,6.261928968e+44
1.557333029e-07,5.688718047e+44
1.587729233e-07,6.144058746e+44
1.619580121e-07,6.130967234e+44
1.644481542e-07,6.09235724e+44
1.687035002e-07,5.917971373e+44
1.737525733e-07,5.523253738e+44
1.785269351e-07,5.364980181e+44
1.836082359e-07,4.870861818e+44
1.893559222e-07,4.493468935e+44
1.982918626e-07,4.365828111e+44
2.02986945e-07,4.208534242e+44
2.066019284e-07,4.078603164e+44
2.10548632e-07,4.059777353e+44
2.152907691e-07,3.872882644e+44
2.194676425e-07,3.76542861e+44
2.238790406e-07,3.568277373e+44
2.275722729e-07,3.464042689e+44
2.313663911e-07,3.163914836e+44
2.361690837e-07,2.93839836e+44
2.406970074e-07,2.819032884e+44
2.448104472e-07,2.972406825e+44
2.501868675e-07,2.663763283e+44
2.559562657e-07,2.712924734e+44
2.618102367e-07,2.771580337e+44
2.680631055e-07,3.142809788e+44
2.754854091e-07,2.673593515e+44
2.80923422e-07,2.528297325e+44
2.87730907e-07,2.951317471e+44
2.935984209e-07,3.470574907e+44
2.986091751e-07,3.368656289e+44
3.038486592e-07,3.485054425e+44
3.097322218e-07,3.64592867e+44
3.145133055e-07,3.643251672e+44
3.198175248e-07,3.535519713e+44
3.274480814e-07,4.157645828e+44
3.336662978e-07,4.045221176e+44
3.396052688e-07,3.653722346e+44
3.447959568e-07,3.940339872e+44
3.498103892e-07,4.313382588e+44
3.57522373e-07,4.009238718e+44
3.652279762e-07,4.556602987e+44
3.708101947e-07,4.392087493e+44
3.764405266e-07,4.686322199e+44
3.825484511e-07,4.565594461e+44
3.90054996e-07,4.811385424e+44
3.976077405e-07,5.446771918e+44
4.041502414e-07,7.124431204e+44
4.118510806e-07,7.2336822e+44
4.206021705e-07,7.113941814e+44
4.301601642e-07,6.605048131e+44
4.379947467e-07,7.611023048e+44
4.482720003e-07,8.75091692e+44
4.563286772e-07,9.164991945e+44
4.637330848e-07,9.333058335e+44
4.705610386e-07,9.4219231e+44
4.776231517e-07,9.620209674e+44
4.867567008e-07,9.538547429e+44
4.936254994e-07,9.467721711e+44
5.000646687e-07,8.916389975e+44
5.113661601e-07,8.761131482e+44
5.218678554e-07,8.667044847e+44
5.301096199e-07,9.350843834e+44
5.373145987e-07,9.55622096e+44
5.453307962e-07,9.550334354e+44
5.549081074e-07,9.658363495e+44
5.657424356e-07,9.727890064e+44
5.729267901e-07,9.86181031e+44
5.853678297e-07,9.761127026e+44
6.024573689e-07,9.851376635e+44
6.138326252e-07,9.395891153e+44
6.268746627e-07,9.189596293e+44
6.369193082e-07,9.283606542e+44
6.431922544e-07,9.195189918e+44
6.534033558e-07,9.631674983e+44
6.615861561e-07,9.337042986e+44
6.707503128e-07,8.887502532e+44
6.854454388e-07,8.79450773e+44
6.982065205e-07,8.802261012e+44
7.10069056e-07,8.409248813e+44
7.194575641e-07,8.121948171e+44
7.29799683e-07,8.402540021e+44
7.435155839e-07,8.696805786e+44
7.562053576e-07,8.941201188e+44
7.650956012e-07,8.369675341e+44
7.743094673e-07,8.105793244e+44
7.841394781e-07,8.112519338e+44
7.922932575e-07,7.931470955e+44
8.033643329e-07,8.182690691e+44
8.168231356e-07,8.417120012e+44
8.228564907e-07,8.254420806e+44
8.393483913e-07,7.883050986e+44
8.51418842e-07,7.400863438e+44
8.62589714e-07,7.695197154e+44
8.718620401e-07,7.856624486e+44
8.844243749e-07,7.928029728e+44
9.00685807e-07,7.838721081e+44
9.156280459e-07,7.882238464e+44
9.350696312e-07,7.567761886e+44
9.490044545e-07,7.523280791e+44
9.680222399e-07,7.418469746e+44
9.859955281e-07,7.291985318e+44
1.003057371e-06,7.166816013e+44
1.023684783e-06,6.99214432e+44
1.051230745e-06,6.719818527e+44
1.081477735e-06,6.397790138e+44
1.10005153e-06,6.138553723e+44
1.137489205e-06,5.859165577e+44
1.174923196e-06,5.563620397e+44
1.204430917e-06,5.30493964e+44
1.249819015e-06,5.073071025e+44
1.272787627e-06,4.879967405e+44
1.29559e-06,4.737606414e+44
1.317487698e-06,4.572257351e+44
1.360446715e-06,4.389992897e+44
1.405348269e-06,4.141665191e+44
1.446215897e-06,4.005343807e+44
1.481317878e-06,3.885550585e+44
1.547200865e-06,3.839970767e+44
1.588562969e-06,3.632069298e+44
1.616945257e-06,3.594466357e+44
1.658554344e-06,3.457934838e+44
1.702714491e-06,3.267917427e+44
1.744071261e-06,3.025765375e+44
1.790479543e-06,2.789174013e+44
1.841825014e-06,2.561763663e+44
1.884670176e-06,2.363930443e+44
1.921661e-06,2.238799179e+44
1.95392381e-06,2.086087982e+44
2.001300471e-06,1.914557635e+44
2.111105997e-06,1.6968678e+44
2.187066522e-06,1.488742702e+44
2.286488203e-06,1.196100951e+44
2.430336054e-06,8.82726405e+43
2.540080169e-06,7.239765387e+43
2.606586742e-06,6.813938797e+43
2.699653981e-06,6.189055873e+43
2.90157992e-06,5.286723993e+43
3.063144841e-06,4.428875584e+43
3.223628631e-06,3.788939939e+43
3.357149673e-06,3.199173061e+43
3.576694422e-06,2.618852274e+43
3.781969016e-06,2.148578065e+43
3.920106617e-06,1.860685136e+43
4.035041724e-06,1.653664109e+43
4.15710886e-06,1.475181495e+43
4.309676322e-06,1.238442931e+43
4.443209292e-06,1.002012012e+43
4.549026139e-06,8.782167755e+42
4.742980824e-06,7.762725916e+42
4.995953744e-06,6.653109469e+42
5.197845562e-06,5.720344814e+42
5.481762983e-06,4.963150581e+42
5.670485742e-06,4.344627252e+42
5.957992878e-06,3.666447963e+42
6.391514711e-06,3.010300591e+42
6.63270851e-06,2.49342739e+42
7.075142913e-06,2.043690147e+42
7.429686471e-06,1.700942187e+42
7.68283293e-06,1.460752485e+42
8.047457976e-06,1.213641498e+42
8.631056195e-06,9.571919436e+41
9.220527274e-06,7.92272505e+41